KDE RGB Palette
#
193 0 0 
193 0 0 
0 0 0 
0 0 0 
193 0 0 
193 0 0 
72 72 72 
72 72 72 
0 0 0 
0 0 0 
137 136 135 
137 136 135 
196 0 0 
196 0 0 
196 0 0 
196 0 0 
196 0 0 
196 0 0 
0 0 0 
0 0 0 
72 72 72 
72 72 72 
72 72 72 
72 72 72 
196 0 0 
196 0 0 
255 255 255 
0 0 0 
0 0 0 
255 0 0 
255 255 255 
255 255 255 
255 255 255 
255 255 255 
251 251 251 
251 251 251 
23 182 255 
23 182 255 
196 0 0 
196 0 0 
0 0 0 
0 0 0 
195 195 195 
195 195 195 
192 0 0 
192 0 0 
255 255 255 
255 255 255 
204 68 0 
204 68 0 
196 0 0 
196 0 0 
72 72 72 
72 72 72 
160 160 160 
160 160 160 
0 0 255 
220 220 220 
220 220 220 
160 160 160 
160 160 160 
195 195 195 
195 195 195 
